2324 979 2088 40 5046 9310 1440 224 4187 1536 2324 979 2088 40 5046 9310 1440 224 4187 1536
2408 6052 5256 200 464 6860 1044 568 4664 2448 2408 6052 5256 200 464 6860 1044 568 4664 2448
2156 5963 1512 672 4408 3332 1116 256 3392 1776 2156 5963 1512 672 4408 3332 1116 256 3392 1776
420 2581 1368 216 4524 7644 612 232 1484 1344 420 2581 1368 216 4524 7644 612 232 1484 1344
2604 7298 6048 288 5104 6566 3492 24 2173 3600 2604 7298 6048 288 5104 6566 3492 24 2173 3600
980 2670 2664 40 4872 98 2556 152 2650 336 980 2670 2664 40 4872 98 2556 152 2650 336
2408 5518 7056 368 174 9506 2916 560 4929 3552 2408 5518 7056 368 174 9506 2916 560 4929 3552
2576 2047 1728 232 2958 196 2700 544 0 1008 2576 2047 1728 232 2958 196 2700 544 0 1008
1372 5963 1080 104 3132 1666 324 64 1802 2784 1372 5963 1080 104 3132 1666 324 64 1802 2784
588 3115 5040 456 5742 9016 972 120 3392 4560 588 3115 5040 456 5742 9016 972 120 3392 4560
1736 2581 936 192 1856 5096 2412 320 1272 1392 1736 2581 936 192 1856 5096 2412 320 1272 1392
756 178 1872 760 3480 5488 2016 392 742 1776 756 178 1872 760 3480 5488 2016 392 742 1776
2520 1958 6552 656 4408 98 3492 768 4611 1680 2520 1958 6552 656 4408 98 3492 768 4611 1680
1652 5162 5760 360 3944 7840 1908 184 2968 4464 1652 5162 5760 360 3944 7840 1908 184 2968 4464
1764 6141 4032 112 2262 8428 3096 144 2279 864 1764 6141 4032 112 2262 8428 3096 144 2279 864
728 5963 5256 536 696 4018 2340 360 4823 1344 728 5963 5256 536 696 4018 2340 360 4823 1344
1120 8277 4464 272 1508 6370 216 368 1431 2064 1120 8277 4464 272 1508 6370 216 368 1431 2064
728 4984 5040 512 4988 8722 2988 408 3445 528 728 4984 5040 512 4988 8722 2988 408 3445 528
2016 979 6912 344 5452 4312 684 168 3127 1344 2016 979 6912 344 5452 4312 684 168 3127 1344
1008 3738 5832 400 2262 1862 864 440 1908 1392 1008 3738 5832 400 2262 1862 864 440 1908 1392
Count time: 290.000000 ms
Count of digits: 0 ms
